% image | object detected | object present
results1=[6900 1 1;
6901 1 1;
6902 1 1;
6903 1 1;
6904 1 1;
6905 1 1;
6906 0 0;
6907 1 1;
6908 1 1;
6909 1 1;
6910 1 1;
6911 0 0;
6912 0 0;
6913 0 0;
6914 0 0;
6915 0 0;
6916 0 0;
6917 0 0;
6918 0 0;
6919 0 0;
6920 0 0;
6921 0 0;
6922 0 0;
6923 0 0;
6924 0 0;
6925 0 0;
6926 0 0;
6927 0 0;
6928 0 0;
6929 0 0;
6930 0 0;
6931 0 0;
6932 0 0;
6933 0 0;
6934 0 0;
6935 0 0;
6936 0 0;
6937 0 0;
6938 0 0;
6939 0 0;
6940 0 0;
6941 0 0;
6942 0 0;
6943 0 0;
6944 0 1;
6945 0 1;
6946 0 1;
6947 0 1;
6948 1 1;
6949 1 1;
6950 1 1;
6951 1 1;
6952 1 1;
6953 1 1;
6957 1 1;
6958 1 1; 
6959 0 0;
6960 0 0;
6961 0 0;
6962 0 0;
6963 0 0;
6964 0 0;
6965 1 1;
6966 1 1;%bad seg
6967 1 1;
6968 1 1;
6969 1 1;
6970 1 1; % bad segmentation
6071 0 1;
6972 1 1;
6973 0 1;
6974 1 1;
6975 1 1;
6976 0 1;
6977 0 1;
6978 0 1;
6979 0 1;
6980 1 1;%AT
6981 0 1;
6982 0 1;
6983 0 1;
6984 1 1;
6985 0 1;
6986 0 1;
6987 0 1;
6988 0 1;
6989 0 1;
6990 0 0;
6991 0 1;
6992 0 0;
6993 0 1;
6994 0 0;
6995 0 0;
6996 0 1;
6997 0 0;
6998 0 0;
6999 0 0;
7000 0 0;
7001 0 0;
7002 0 0;
7003 0 0;
7004 0 0;
7005 0 0;
7006 0 0;
7007 0 0;
7008 0 0;
7009 0 0;
7010 0 1;
7011 0 1;
7012 0 1;
7013 0 1;
7014 0 1;
7015 0 1;
7016 0 1;
7017 1 1;
7023 0 0;
7024 1 1;
7025 0 0;
7026 0 0;
7030 1 1;
7032 0 0;
7033 0 1;
7034 0 0;
7035 1 1;
7036 1 1;
7037 0 1;
7038 1 1;
7039 0 1;
7040 0 1;
7041 1 1;
7042 1 1;
7043 1 1;
7044 0 1;
7045 1 1;
7046 0 0;
7047 0 0;
7048 0 0;
7049 0 0;
7050 0 0;
7051 0 0;
7052 0 0;
7053 0 0;
7054 0 0;
7055 0 0;
7056 0 0;
7057 0 0;
7058 0 0;
7059 0 0;
7060 0 0;
7061 0 0;
7062 0 0;
7063 0 0;
7064 0 0; 
7065 0 0;
7066 0 0; 
7067 0 0;
7068 0 0;
7069 0 0;
7070 0 0;
7071 0 0;
7072 0 0;
7073 0 0;
7074 0 0;
7075 0 0;
7076 0 0;
7077 0 1;
7078 0 0;
7079 0 0;
7080 0 0;
7081 0 0;
7082 0 0;
7083 1 1;
7084 0 0;
7085 0 0;
7086 0 0;
7087 0 0;
7088 0 0;
7089 0 0;
7090 0 0;
7091 0 0;
7092 0 0;
7093 0 0;
7094 0 0;
7095 0 0;
7096 0 0;
7097 0 0;
7098 0 0;
7099 0 0;
7100 0 0;
7101 0 0;
7102 0 0;
]

results2=[6973 1 1;
    6974 1 1;
    6975 0 0;
    6976 1 1;
    6977 1 1;
    6978 1 1;
    6979 1 1;
    6980 1 1;
    6981 1 1;
    6982 1 1;
    6983 1 1;
    6984 1 1;
    6985 1 1;
    6986 0 1;
    6987 0 1;
    6988 1 1;
    6989 0 1;
    6990 0 1;
    6991 0 1;
    6992 0 1;
    6993 0 1;
    6994 0 0;
    6995 0 0;
    6996 0 0;
    6997 0 0;
    6998 0 0;
    6999 0 0;
    7000 0 0;
    7001 0 0;
    7002 0 0;
    7003 0 0;
    7004 0 0;
    7005 0 0;
    7006 0 0;
    7007 0 0;
    7008 0 0;
    7009 0 0;
    7010 0 0;
    7011 0 0;
    7012 0 0;
    7013 0 0;
    7014 0 0;
    7015 0 1;
    7016 0 1;
    7017 0 1;
    7018 1 1;
    7019 1 1;
    7020 1 1;
    7021 1 1;
    7022 1 1;
    7023 1 1;
    7024 1 1;
    7037 1 1;
    7038 1 1;
    7039 1 1;
    7040 1 1;
    7041 1 1;
    7042 0 0;
    7043 0 1;
    7044 0 1;
    7045 0 0;
    7046 0 1;
    7047 0 0;
    7048 0 0;
    7049 0 0;
    7050 0 0;
    7051 0 0;
    7052 0 0;
    7053 0 1;
    7054 0 0;
    7055 0 0;
    7056 0 0;
    7057 0 0;
    7058 0 0;
    7059 0 0;
    7060 0 0;
    7061 0 0;
    7062 0 0;
    7063 0 0;
    7064 0 0;
    7065 0 0;
    7066 0 0;
    7067 0 0;
    7068 0 0;
    7069 0 0;
    7070 0 1;
    7071 0 0;
    7072 0 0;
    7073 0 0;
    7074 0 0;
    7075 0 0;
    7076 0 0;
    7077 0 0;
    7078 0 0;
    7079 0 1;
    7080 0 1;
    7081 0 1;
    7082 0 1;
    7083 0 1;
    7084 0 1;
    7085 0 1;
    7086 1 1;
    7087 0 1;
    7088 1 1;
    7095 0 1;
    7096 0 0;
    7097 0 0;
    7098 0 0;
    7099 1 1;
    7100 1 1;
    7101 1 1;
    7102 1 1;
    7104 1 1;
    7105 0 0;
    7106 1 1;
    7107 1 1;
    7108 1 1;
    7109 0 1;
    7110 1 1;
    7111 0 1;
    7112 1 1;
    7113 1 1;
    7114 1 1;
    7115 1 1;
    7116 1 1;
    7117 0 0;
    7118 0 0;
    7119 0 0;
    7120 0 0;
    7121 0 0;
    7122 0 0;
    7123 0 0;
    7124 0 0;
    7125 0 0;
    7126 0 0;
    7127 0 0;
    7128 0 0;
    7129 0 0;
    7130 0 0;
    7131 0 0;
    7132 0 0;
    7133 0 0;
    7134 0 0;
    7135 0 0;
    7136 0 0;
    7137 0 0;
    7138 0 0;
    7139 0 0;
    7140 0 0;
    7141 0 0;
    7142 0 0;
    7143 0 0;
    7144 0 0;
    7145 0 0;
    7146 0 0;
    7147 0 0;
    7148 0 0;
    7149 0 0;
    7150 0 0;
    7151 0 0;
    7152 0 0;
    7153 0 0;
    7154 0 0;
    7155 0 0;
    7156 0 0;
    7157 0 0;
    7158 0 0;
    7159 0 0;
    7160 0 0;
    7161 0 0;
    7162 0 0;
    7163 0 0;
    7164 0 0;
    7165 0 0;
    7166 0 0;
    7167 0 0;
    7168 0 0;
    7169 0 0;
    7170 0 0;
    7171 0 0;
    7172 0 0;
    7173 0 0;
    ]